0.000000E+0	-5.488894E-3
2.500000E-11	-4.866335E-3
5.000000E-11	-3.948061E-3
7.500000E-11	-3.143922E-3
1.000000E-10	-2.863771E-3
1.250000E-10	-2.967530E-3
1.500000E-10	-2.993470E-3
1.750000E-10	-2.645875E-3
2.000000E-10	-1.955872E-3
2.250000E-10	-1.130982E-3
2.500000E-10	-5.395510E-4
2.750000E-10	-4.150392E-4
3.000000E-10	-4.980471E-4
3.250000E-10	-6.277468E-4
3.500000E-10	-9.182743E-4
3.750000E-10	-1.603089E-3
4.000000E-10	-1.800233E-3
4.250000E-10	-8.560184E-4
4.500000E-10	3.735353E-4
4.750000E-10	1.105042E-3
5.000000E-10	1.634217E-3
5.250000E-10	1.914368E-3
5.500000E-10	1.566773E-3
5.750000E-10	1.094666E-3
6.000000E-10	9.753421E-4
6.250000E-10	9.494022E-4
6.500000E-10	8.508304E-4
6.750000E-10	7.937625E-4
7.000000E-10	9.338382E-4
7.250000E-10	1.265870E-3
7.500000E-10	1.395569E-3
7.750000E-10	1.172486E-3
8.000000E-10	1.027222E-3
8.250000E-10	1.032410E-3
8.500000E-10	4.461672E-4
8.750000E-10	-6.329348E-4
9.000000E-10	-1.540833E-3
9.250000E-10	-1.976624E-3
9.500000E-10	-1.587525E-3
9.750000E-10	-5.706789E-4
1.000000E-9	1.348877E-4
1.025000E-9	4.357912E-4
1.050000E-9	1.027222E-3
1.075000E-9	1.348877E-3
1.100000E-9	2.801515E-4
1.125000E-9	-1.302186E-3
1.150000E-9	-1.182862E-3
1.175000E-9	3.994752E-4
1.200000E-9	-1.712037E-4
1.225000E-9	-2.661439E-3
1.250000E-9	-3.818361E-3
1.275000E-9	-3.123170E-3
1.300000E-9	-2.806703E-3
1.325000E-9	-3.071290E-3
1.350000E-9	-3.367006E-3
1.375000E-9	-3.325502E-3
1.400000E-9	-2.941590E-3
1.425000E-9	-2.396851E-3
1.450000E-9	-1.950684E-3
1.475000E-9	-1.592713E-3
1.500000E-9	-6.173708E-4
1.525000E-9	-1.660157E-4
1.550000E-9	-1.530457E-3
1.575000E-9	-3.424074E-3
1.600000E-9	-3.631593E-3
1.625000E-9	-2.728883E-3
1.650000E-9	-2.293092E-3
1.675000E-9	-2.272340E-3
1.700000E-9	-2.070008E-3
1.725000E-9	-1.675721E-3
1.750000E-9	-1.431885E-3
1.775000E-9	-1.296998E-3
1.800000E-9	-1.239930E-3
1.825000E-9	-1.079102E-3
1.850000E-9	-6.173708E-4
1.875000E-9	6.225588E-5
1.900000E-9	7.833865E-4
1.925000E-9	1.618653E-3
1.950000E-9	2.241212E-3
1.975000E-9	1.727601E-3
2.000000E-9	3.994752E-4
2.025000E-9	-4.617311E-4
2.050000E-9	-4.876711E-4
2.075000E-9	-1.867676E-4
2.100000E-9	2.801515E-4
2.125000E-9	5.654909E-4
2.150000E-9	3.942873E-4
2.175000E-9	1.608277E-4
2.200000E-9	3.320314E-4
2.225000E-9	7.937625E-4
2.250000E-9	1.260682E-3
2.275000E-9	1.815797E-3
2.300000E-9	2.505799E-3
2.325000E-9	2.734071E-3
2.350000E-9	2.412415E-3
2.375000E-9	2.142640E-3
2.400000E-9	1.914368E-3
2.425000E-9	1.540833E-3
2.450000E-9	1.213990E-3
2.475000E-9	1.193238E-3
2.500000E-9	1.452637E-3
2.525000E-9	1.613465E-3
2.550000E-9	1.509705E-3
2.575000E-9	1.509705E-3
2.600000E-9	1.701661E-3
2.625000E-9	1.955872E-3
2.650000E-9	2.433167E-3
2.675000E-9	2.557679E-3
2.700000E-9	1.795045E-3
2.725000E-9	6.900027E-4
2.750000E-9	4.461672E-4
2.775000E-9	1.146546E-3
2.800000E-9	1.727601E-3
2.825000E-9	1.769105E-3
2.850000E-9	1.618653E-3
2.875000E-9	1.198426E-3
2.900000E-9	1.971436E-4
2.925000E-9	-1.504517E-3
2.950000E-9	-3.387758E-3
2.975000E-9	-4.373476E-3
3.000000E-9	-4.046632E-3
3.025000E-9	-3.175050E-3
3.050000E-9	-2.516175E-3
3.075000E-9	-1.997376E-3
3.100000E-9	-1.307374E-3
3.125000E-9	-1.027222E-3
3.150000E-9	-2.059632E-3
3.175000E-9	-3.797609E-3
3.200000E-9	-4.321596E-3
3.225000E-9	-3.102418E-3
3.250000E-9	-1.691285E-3
3.275000E-9	-1.587525E-3
3.300000E-9	-2.370912E-3
3.325000E-9	-2.344972E-3
3.350000E-9	-8.404544E-4
3.375000E-9	3.683473E-4
3.400000E-9	-2.957154E-4
3.425000E-9	-1.172486E-3
3.450000E-9	-9.753421E-4
3.475000E-9	-5.914309E-4
3.500000E-9	-1.390381E-3
3.525000E-9	-2.630311E-3
3.550000E-9	-2.625123E-3
3.575000E-9	-2.038880E-3
3.600000E-9	-3.507081E-3
3.625000E-9	-5.706789E-3
3.650000E-9	-6.085512E-3
3.675000E-9	-5.359194E-3
3.700000E-9	-5.079042E-3
3.725000E-9	-4.923403E-3
3.750000E-9	-5.494082E-3
3.775000E-9	-8.186648E-3
3.800000E-9	-1.313080E-2
3.825000E-9	-1.890504E-2
3.850000E-9	-2.454438E-2
3.875000E-9	-3.188020E-2
3.900000E-9	-4.045595E-2
3.925000E-9	-4.673342E-2
3.950000E-9	-5.042726E-2
3.975000E-9	-5.461916E-2
4.000000E-9	-6.027407E-2
4.025000E-9	-6.440890E-2
4.050000E-9	-6.548281E-2
4.075000E-9	-6.588747E-2
4.100000E-9	-6.756838E-2
4.125000E-9	-6.986148E-2
4.150000E-9	-7.082644E-2
4.175000E-9	-6.963320E-2
4.200000E-9	-6.696139E-2
4.225000E-9	-6.342837E-2
4.250000E-9	-5.928316E-2
4.275000E-9	-5.594729E-2
4.300000E-9	-5.425081E-2
4.325000E-9	-5.195772E-2
4.350000E-9	-4.588258E-2
4.375000E-9	-3.848451E-2
4.400000E-9	-3.427186E-2
4.425000E-9	-3.279329E-2
4.450000E-9	-2.986207E-2
4.475000E-9	-2.416566E-2
4.500000E-9	-1.858857E-2
4.525000E-9	-1.422547E-2
4.550000E-9	-9.302066E-3
4.575000E-9	-3.693849E-3
4.600000E-9	9.805301E-4
4.625000E-9	4.274904E-3
4.650000E-9	7.636722E-3
4.675000E-9	1.157959E-2
4.700000E-9	1.394532E-2
4.725000E-9	1.499848E-2
4.750000E-9	1.709443E-2
4.775000E-9	2.039918E-2
4.800000E-9	2.205933E-2
4.825000E-9	2.201783E-2
4.850000E-9	2.305543E-2
4.875000E-9	2.540040E-2
4.900000E-9	2.779206E-2
4.925000E-9	3.123170E-2
4.950000E-9	3.717714E-2
4.975000E-9	4.162843E-2
5.000000E-9	4.341310E-2
5.025000E-9	4.775026E-2
5.050000E-9	5.648684E-2
5.075000E-9	6.407168E-2
5.100000E-9	6.752169E-2
5.125000E-9	7.036471E-2
5.150000E-9	7.571872E-2
5.175000E-9	8.126987E-2
5.200000E-9	8.367709E-2
5.225000E-9	8.429446E-2
5.250000E-9	8.593387E-2
5.275000E-9	8.852786E-2
5.300000E-9	9.086765E-2
5.325000E-9	9.282871E-2
5.350000E-9	9.324894E-2
5.375000E-9	9.122043E-2
5.400000E-9	8.900516E-2
5.425000E-9	8.819583E-2
5.450000E-9	8.676914E-2
5.475000E-9	8.336581E-2
5.500000E-9	8.024783E-2
5.525000E-9	7.831790E-2
5.550000E-9	7.622714E-2
5.575000E-9	7.370059E-2
5.600000E-9	7.210269E-2
5.625000E-9	7.140750E-2
5.650000E-9	7.073306E-2
5.675000E-9	7.021426E-2
5.700000E-9	6.965914E-2
5.725000E-9	6.905734E-2
5.750000E-9	6.778628E-2
5.775000E-9	6.562289E-2
5.800000E-9	6.441927E-2
5.825000E-9	6.460085E-2
5.850000E-9	6.343874E-2
5.875000E-9	6.005617E-2
5.900000E-9	5.655947E-2
5.925000E-9	5.420412E-2
5.950000E-9	5.316652E-2
5.975000E-9	5.305758E-2
6.000000E-9	5.233644E-2
6.025000E-9	4.896425E-2
6.050000E-9	4.334566E-2
6.075000E-9	3.708375E-2
6.100000E-9	3.039643E-2
6.125000E-9	2.342896E-2
6.150000E-9	1.650300E-2
6.175000E-9	8.663944E-3
6.200000E-9	-7.263186E-5
6.225000E-9	-8.508304E-3
6.250000E-9	-1.632142E-2
6.275000E-9	-2.346528E-2
6.300000E-9	-2.976869E-2
6.325000E-9	-3.555848E-2
6.350000E-9	-4.168550E-2
6.375000E-9	-4.799410E-2
6.400000E-9	-5.275667E-2
6.425000E-9	-5.633639E-2
6.450000E-9	-6.039858E-2
6.475000E-9	-6.509890E-2
6.500000E-9	-6.903658E-2
6.525000E-9	-7.171878E-2
6.550000E-9	-7.357608E-2
6.575000E-9	-7.463443E-2
6.600000E-9	-7.582248E-2
6.625000E-9	-7.722842E-2
6.650000E-9	-7.734775E-2
6.675000E-9	-7.643466E-2
6.700000E-9	-7.524142E-2
6.725000E-9	-7.525180E-2
6.750000E-9	-7.655398E-2
6.775000E-9	-7.787692E-2
6.800000E-9	-7.829715E-2
6.825000E-9	-7.849948E-2
6.850000E-9	-7.886264E-2
6.875000E-9	-7.859805E-2
6.900000E-9	-7.772128E-2
6.925000E-9	-7.735293E-2
6.950000E-9	-7.787173E-2
6.975000E-9	-7.844241E-2
7.000000E-9	-7.862918E-2
7.025000E-9	-7.888339E-2
7.050000E-9	-7.934512E-2
7.075000E-9	-7.930881E-2
7.100000E-9	-7.866549E-2
7.125000E-9	-7.793399E-2
7.150000E-9	-7.725955E-2
7.175000E-9	-7.544375E-2
7.200000E-9	-7.279788E-2
7.225000E-9	-7.045809E-2
7.250000E-9	-6.808199E-2
7.275000E-9	-6.515597E-2
7.300000E-9	-6.110415E-2
7.325000E-9	-5.608736E-2
7.350000E-9	-5.108614E-2
7.375000E-9	-4.674379E-2
7.400000E-9	-4.251558E-2
7.425000E-9	-3.758180E-2
7.450000E-9	-3.193208E-2
7.475000E-9	-2.724732E-2
7.500000E-9	-2.423310E-2
7.525000E-9	-2.125520E-2
7.550000E-9	-1.696473E-2
7.575000E-9	-1.197907E-2
7.600000E-9	-6.490176E-3
7.625000E-9	-8.871463E-4
7.650000E-9	4.409792E-3
7.675000E-9	1.004395E-2
7.700000E-9	1.602051E-2
7.725000E-9	1.993745E-2
7.750000E-9	2.075196E-2
7.775000E-9	2.120332E-2
7.800000E-9	2.337190E-2
7.825000E-9	2.581544E-2
7.850000E-9	2.709168E-2
7.875000E-9	2.845094E-2
7.900000E-9	3.073365E-2
7.925000E-9	3.351960E-2
7.950000E-9	3.584382E-2
7.975000E-9	3.734315E-2
8.000000E-9	3.879060E-2
8.025000E-9	4.000978E-2
8.050000E-9	4.046114E-2
8.075000E-9	3.976076E-2
8.100000E-9	3.851564E-2
8.125000E-9	3.751436E-2
8.150000E-9	3.733797E-2
8.175000E-9	3.764406E-2
8.200000E-9	3.803834E-2
8.225000E-9	3.880098E-2
8.250000E-9	3.966218E-2
8.275000E-9	4.012392E-2
8.300000E-9	4.072053E-2
8.325000E-9	4.327821E-2
8.350000E-9	4.589296E-2
8.375000E-9	4.725740E-2
8.400000E-9	4.895388E-2
8.425000E-9	5.101870E-2
8.450000E-9	5.155825E-2
8.475000E-9	5.095125E-2
8.500000E-9	5.090975E-2
8.525000E-9	5.149080E-2
8.550000E-9	5.112245E-2
8.575000E-9	4.861666E-2
8.600000E-9	4.515627E-2
8.625000E-9	4.299806E-2
8.650000E-9	4.231844E-2
8.675000E-9	4.069978E-2
8.700000E-9	3.719270E-2
8.725000E-9	3.380494E-2
8.750000E-9	3.122651E-2
8.775000E-9	2.852876E-2
8.800000E-9	2.558717E-2
8.825000E-9	2.277528E-2
8.850000E-9	1.881684E-2
8.875000E-9	1.431366E-2
8.900000E-9	1.124237E-2
8.925000E-9	9.468082E-3
8.950000E-9	7.885745E-3
8.975000E-9	5.898745E-3
9.000000E-9	3.958436E-3
9.025000E-9	2.142640E-3
9.050000E-9	4.772951E-4
9.075000E-9	-1.296998E-3
9.100000E-9	-3.807985E-3
9.125000E-9	-7.128298E-3
9.150000E-9	-9.322818E-3
9.175000E-9	-9.442142E-3
9.200000E-9	-9.058231E-3
9.225000E-9	-8.746951E-3
9.250000E-9	-7.724917E-3
9.275000E-9	-6.059573E-3
9.300000E-9	-5.296938E-3
9.325000E-9	-6.007693E-3
9.350000E-9	-7.667849E-3
9.375000E-9	-1.014771E-2
9.400000E-9	-1.392975E-2
9.425000E-9	-1.766511E-2
9.450000E-9	-2.056000E-2
9.475000E-9	-2.341859E-2
9.500000E-9	-2.653138E-2
9.525000E-9	-2.926026E-2
9.550000E-9	-3.135621E-2
9.575000E-9	-3.272065E-2
9.600000E-9	-3.431337E-2
9.625000E-9	-3.723939E-2
9.650000E-9	-4.003572E-2
9.675000E-9	-4.092287E-2
9.700000E-9	-4.104219E-2
9.725000E-9	-4.233919E-2
9.750000E-9	-4.447664E-2
9.775000E-9	-4.627687E-2
9.800000E-9	-4.805116E-2
9.825000E-9	-4.966982E-2
9.850000E-9	-4.963869E-2
9.875000E-9	-4.835207E-2
9.900000E-9	-4.744936E-2
9.925000E-9	-4.679567E-2
9.950000E-9	-4.529634E-2
9.975000E-9	-4.367769E-2
1.000000E-8	-4.240144E-2
1.002500E-8	-4.068941E-2
1.005000E-8	-3.881135E-2
1.007500E-8	-3.740541E-2
1.010000E-8	-3.596315E-2
1.012500E-8	-3.376863E-2
1.015000E-8	-3.123170E-2
1.017500E-8	-2.799439E-2
1.020000E-8	-2.327332E-2
1.022500E-8	-1.866639E-2
1.025000E-8	-1.571961E-2
1.027500E-8	-1.426178E-2
1.030000E-8	-1.334351E-2
1.032500E-8	-1.249787E-2
1.035000E-8	-1.221772E-2
1.037500E-8	-1.293366E-2
1.040000E-8	-1.351471E-2
1.042500E-8	-1.247712E-2
1.045000E-8	-9.540714E-3
1.047500E-8	-6.713259E-3
1.050000E-8	-5.494082E-3
1.052500E-8	-4.456484E-3
1.055000E-8	-2.391663E-3
1.057500E-8	-9.753421E-4
1.060000E-8	-1.058350E-3
1.062500E-8	-3.631593E-4
1.065000E-8	2.900086E-3
1.067500E-8	6.863711E-3
1.070000E-8	8.970035E-3
1.072500E-8	9.519962E-3
1.075000E-8	1.105561E-2
1.077500E-8	1.449006E-2
1.080000E-8	1.782075E-2
1.082500E-8	1.925782E-2
1.085000E-8	1.994782E-2
1.087500E-8	2.203339E-2
1.090000E-8	2.514619E-2
1.092500E-8	2.706574E-2
1.095000E-8	2.738221E-2
1.097500E-8	2.786988E-2
1.100000E-8	3.052095E-2
1.102500E-8	3.481141E-2
1.105000E-8	3.715120E-2
1.107500E-8	3.622255E-2
1.110000E-8	3.556886E-2
1.112500E-8	3.616548E-2
1.115000E-8	3.755067E-2
1.117500E-8	3.938203E-2
1.120000E-8	4.266084E-2
1.122500E-8	4.556612E-2
1.125000E-8	4.640138E-2
1.127500E-8	4.601747E-2
1.130000E-8	4.426393E-2
1.132500E-8	4.068941E-2
1.135000E-8	3.761293E-2
1.137500E-8	3.681917E-2
1.140000E-8	3.696443E-2
1.142500E-8	3.655977E-2
1.145000E-8	3.589052E-2
1.147500E-8	3.590608E-2
1.150000E-8	3.611879E-2
1.152500E-8	3.574525E-2
1.155000E-8	3.552736E-2
1.157500E-8	3.636262E-2
1.160000E-8	3.606172E-2
1.162500E-8	3.280885E-2
1.165000E-8	2.895936E-2
1.167500E-8	2.690492E-2
1.170000E-8	2.633424E-2
1.172500E-8	2.594514E-2
1.175000E-8	2.515138E-2
1.177500E-8	2.449250E-2
1.180000E-8	2.422791E-2
1.182500E-8	2.349641E-2
1.185000E-8	2.170136E-2
1.187500E-8	1.957429E-2
1.190000E-8	1.744721E-2
1.192500E-8	1.508149E-2
1.195000E-8	1.327088E-2
1.197500E-8	1.273133E-2
1.200000E-8	1.254975E-2
1.202500E-8	1.109711E-2
1.205000E-8	8.497928E-3
1.207500E-8	6.521304E-3
1.210000E-8	5.732729E-3
1.212500E-8	4.913027E-3
1.215000E-8	3.055726E-3
1.217500E-8	8.871463E-4
1.220000E-8	-2.578431E-3
1.222500E-8	-7.097171E-3
1.225000E-8	-9.353946E-3
1.227500E-8	-8.638004E-3
1.230000E-8	-7.989505E-3
1.232500E-8	-8.243716E-3
1.235000E-8	-9.701542E-3
1.237500E-8	-1.199463E-2
1.240000E-8	-1.406464E-2
1.242500E-8	-1.496216E-2
1.245000E-8	-1.530976E-2
1.247500E-8	-1.666382E-2
1.250000E-8	-1.876496E-2
1.252500E-8	-1.973511E-2
1.255000E-8	-1.939790E-2
1.257500E-8	-1.906586E-2
1.260000E-8	-1.874421E-2
1.262500E-8	-1.835511E-2
1.265000E-8	-1.804902E-2
1.267500E-8	-1.787781E-2
1.270000E-8	-1.801270E-2
1.272500E-8	-1.874940E-2
1.275000E-8	-1.987519E-2
1.277500E-8	-2.093354E-2
1.280000E-8	-2.186738E-2
1.282500E-8	-2.237061E-2
1.285000E-8	-2.252625E-2
1.287500E-8	-2.242768E-2
1.290000E-8	-2.215791E-2
1.292500E-8	-2.207490E-2
1.295000E-8	-2.245881E-2
1.297500E-8	-2.316438E-2
1.300000E-8	-2.443025E-2
1.302500E-8	-2.516694E-2
1.305000E-8	-2.421235E-2
1.307500E-8	-2.286866E-2
1.310000E-8	-2.300355E-2
1.312500E-8	-2.351197E-2
1.315000E-8	-2.313844E-2
1.317500E-8	-2.250550E-2
1.320000E-8	-2.250550E-2
1.322500E-8	-2.291535E-2
1.325000E-8	-2.277528E-2
1.327500E-8	-2.174287E-2
1.330000E-8	-2.033173E-2
1.332500E-8	-1.875977E-2
1.335000E-8	-1.701661E-2
1.337500E-8	-1.591157E-2
1.340000E-8	-1.568848E-2
1.342500E-8	-1.520081E-2
1.345000E-8	-1.358735E-2
1.347500E-8	-1.171448E-2
1.350000E-8	-1.035523E-2
1.352500E-8	-9.021915E-3
1.355000E-8	-7.366946E-3
1.357500E-8	-5.862429E-3
1.360000E-8	-4.658815E-3
1.362500E-8	-2.204896E-3
1.365000E-8	7.107547E-4
1.367500E-8	1.660157E-3
1.370000E-8	7.470706E-4
1.372500E-8	2.230836E-4
1.375000E-8	3.839113E-4
1.377500E-8	1.348877E-3
1.380000E-8	3.169862E-3
1.382500E-8	5.328066E-3
1.385000E-8	6.946719E-3
1.387500E-8	7.968753E-3
1.390000E-8	9.063419E-3
1.392500E-8	1.045899E-2
1.395000E-8	1.117493E-2
1.397500E-8	1.132538E-2
1.400000E-8	1.220215E-2
1.402500E-8	1.351471E-2
1.405000E-8	1.390381E-2
1.407500E-8	1.354065E-2
1.410000E-8	1.358216E-2
1.412500E-8	1.396088E-2
1.415000E-8	1.422028E-2
1.417500E-8	1.494141E-2
1.420000E-8	1.618134E-2
1.422500E-8	1.671570E-2
1.425000E-8	1.617097E-2
1.427500E-8	1.611390E-2
1.430000E-8	1.745759E-2
1.432500E-8	1.887391E-2
1.435000E-8	1.917481E-2
1.437500E-8	1.888428E-2
1.440000E-8	1.878571E-2
1.442500E-8	1.914887E-2
1.445000E-8	1.961579E-2
1.447500E-8	1.939271E-2
1.450000E-8	1.869233E-2
1.452500E-8	1.822541E-2
1.455000E-8	1.838105E-2
1.457500E-8	1.928895E-2
1.460000E-8	2.074158E-2
1.462500E-8	2.073640E-2
1.465000E-8	1.924226E-2
1.467500E-8	1.772217E-2
1.470000E-8	1.672608E-2
1.472500E-8	1.633698E-2
1.475000E-8	1.609833E-2
1.477500E-8	1.538239E-2
1.480000E-8	1.445893E-2
1.482500E-8	1.416840E-2
1.485000E-8	1.413727E-2
1.487500E-8	1.325013E-2
1.490000E-8	1.152771E-2
1.492500E-8	9.582218E-3
1.495000E-8	7.346194E-3
1.497500E-8	4.700319E-3
1.500000E-8	2.775575E-3
1.502500E-8	1.924744E-3
1.505000E-8	1.089478E-3
1.507500E-8	-1.712037E-4
1.510000E-8	-1.255494E-3
1.512500E-8	-2.350160E-3
1.515000E-8	-3.678285E-3
1.517500E-8	-4.248964E-3
1.520000E-8	-4.093324E-3
1.522500E-8	-4.285280E-3
1.525000E-8	-4.923403E-3
1.527500E-8	-5.737917E-3
1.530000E-8	-6.977847E-3
1.532500E-8	-8.726199E-3
1.535000E-8	-1.047455E-2
1.537500E-8	-1.249787E-2
1.540000E-8	-1.427216E-2
1.542500E-8	-1.477021E-2
1.545000E-8	-1.477021E-2
1.547500E-8	-1.563141E-2
1.550000E-8	-1.693879E-2
1.552500E-8	-1.735383E-2
1.555000E-8	-1.699586E-2
1.557500E-8	-1.692322E-2
1.560000E-8	-1.731751E-2
1.562500E-8	-1.814240E-2
1.565000E-8	-1.944978E-2
1.567500E-8	-2.105805E-2
1.570000E-8	-2.257813E-2
1.572500E-8	-2.355866E-2
1.575000E-8	-2.347566E-2
1.577500E-8	-2.247956E-2
1.580000E-8	-2.144715E-2
1.582500E-8	-2.052369E-2
1.585000E-8	-1.934602E-2
1.587500E-8	-1.877534E-2
1.590000E-8	-1.899323E-2
1.592500E-8	-1.894654E-2
1.595000E-8	-1.838624E-2
1.597500E-8	-1.819428E-2
1.600000E-8	-1.836030E-2
1.602500E-8	-1.823060E-2
1.605000E-8	-1.790894E-2
1.607500E-8	-1.803864E-2
1.610000E-8	-1.880646E-2
1.612500E-8	-1.843293E-2
1.615000E-8	-1.646668E-2
1.617500E-8	-1.422028E-2
1.620000E-8	-1.275727E-2
1.622500E-8	-1.175599E-2
1.625000E-8	-1.034485E-2
1.627500E-8	-8.632816E-3
1.630000E-8	-7.465518E-3
1.632500E-8	-7.398074E-3
1.635000E-8	-7.657473E-3
1.637500E-8	-7.507022E-3
1.640000E-8	-6.884463E-3
1.642500E-8	-6.101076E-3
1.645000E-8	-5.390322E-3
1.647500E-8	-4.887087E-3
1.650000E-8	-4.440920E-3
1.652500E-8	-3.999940E-3
1.655000E-8	-2.490235E-3
1.657500E-8	1.167298E-3
1.660000E-8	4.830019E-3
1.662500E-8	5.966189E-3
1.665000E-8	5.654909E-3
1.667500E-8	5.805361E-3
1.670000E-8	5.732729E-3
1.672500E-8	4.970095E-3
1.675000E-8	4.710695E-3
1.677500E-8	4.876711E-3
1.680000E-8	4.996035E-3
1.682500E-8	5.462954E-3
1.685000E-8	6.344912E-3
1.687500E-8	6.765139E-3
1.690000E-8	6.500552E-3
1.692500E-8	6.256716E-3
1.695000E-8	5.961001E-3
1.697500E-8	5.317690E-3
1.700000E-8	4.959719E-3
1.702500E-8	5.359194E-3
1.705000E-8	6.064760E-3
1.707500E-8	6.526492E-3
1.710000E-8	6.495364E-3
1.712500E-8	5.872805E-3
1.715000E-8	5.986941E-3
1.717500E-8	7.761233E-3
1.720000E-8	9.545902E-3
1.722500E-8	8.648380E-3
1.725000E-8	6.261904E-3
1.727500E-8	6.370852E-3
1.730000E-8	8.829959E-3
1.732500E-8	1.062500E-2
1.735000E-8	1.114899E-2
1.737500E-8	1.100373E-2
1.740000E-8	1.011658E-2
1.742500E-8	8.923343E-3
1.745000E-8	8.352664E-3
1.747500E-8	8.420108E-3
1.750000E-8	8.829959E-3
1.752500E-8	9.416202E-3
1.755000E-8	8.285220E-3
1.757500E-8	5.296938E-3
1.760000E-8	2.822267E-3
1.762500E-8	2.453919E-3
1.765000E-8	2.573243E-3
1.767500E-8	5.758669E-4
1.770000E-8	-2.822267E-3
1.772500E-8	-4.409792E-3
1.775000E-8	-3.247682E-3
1.777500E-8	-1.929932E-3
1.780000E-8	-1.167298E-3
1.782500E-8	-1.162110E-3
1.785000E-8	-2.111512E-3
1.787500E-8	-3.730165E-3
1.790000E-8	-5.452578E-3
1.792500E-8	-6.983035E-3
1.795000E-8	-7.553714E-3
1.797500E-8	-6.453860E-3
1.800000E-8	-4.658815E-3
1.802500E-8	-3.533021E-3
1.805000E-8	-3.372194E-3
1.807500E-8	-4.031068E-3
1.810000E-8	-5.520022E-3
1.812500E-8	-7.252810E-3
1.815000E-8	-8.145145E-3
1.817500E-8	-8.461612E-3
1.820000E-8	-8.980411E-3
1.822500E-8	-9.675602E-3
1.825000E-8	-1.034485E-2
1.827500E-8	-1.138245E-2
1.830000E-8	-1.208283E-2
1.832500E-8	-1.156922E-2
1.835000E-8	-1.073914E-2
1.837500E-8	-1.084290E-2
1.840000E-8	-1.132538E-2
1.842500E-8	-1.147583E-2
1.845000E-8	-1.134095E-2
1.847500E-8	-1.110749E-2
1.850000E-8	-1.094666E-2
1.852500E-8	-1.114380E-2
1.855000E-8	-1.144989E-2
1.857500E-8	-1.148102E-2
1.860000E-8	-1.148102E-2
1.862500E-8	-1.153809E-2
1.865000E-8	-1.100373E-2
1.867500E-8	-1.054718E-2
1.870000E-8	-1.114380E-2
1.872500E-8	-1.158478E-2
1.875000E-8	-1.104004E-2
1.877500E-8	-1.017365E-2
1.880000E-8	-9.032291E-3
1.882500E-8	-7.475894E-3
1.885000E-8	-6.578372E-3
1.887500E-8	-6.723635E-3
1.890000E-8	-7.278750E-3
1.892500E-8	-8.160709E-3
1.895000E-8	-8.663944E-3
1.897500E-8	-8.103641E-3
1.900000E-8	-7.289126E-3
1.902500E-8	-7.045291E-3
1.905000E-8	-6.069948E-3
1.907500E-8	-3.283998E-3
1.910000E-8	-1.478577E-3
1.912500E-8	-1.846924E-3
1.915000E-8	-1.966248E-3
1.917500E-8	-3.164674E-4
1.920000E-8	2.033692E-3
1.922500E-8	3.164674E-3
1.925000E-8	2.531739E-3
1.927500E-8	1.208802E-3
1.930000E-8	3.735353E-4
1.932500E-8	5.395510E-4
1.935000E-8	5.032350E-4
1.937500E-8	-3.475953E-4
1.940000E-8	-9.338382E-4
1.942500E-8	-9.805301E-4
1.945000E-8	-7.989505E-4
1.947500E-8	-7.263186E-4
1.950000E-8	-8.352664E-4
1.952500E-8	-7.315066E-4
1.955000E-8	-4.669191E-5
1.957500E-8	7.522586E-4
1.960000E-8	9.545902E-4
1.962500E-8	8.975223E-4
1.965000E-8	1.416321E-3
1.967500E-8	2.552491E-3
1.970000E-8	2.277528E-3
1.972500E-8	6.536868E-4
1.975000E-8	-2.490235E-4
1.977500E-8	7.989505E-4
1.980000E-8	2.485047E-3
1.982500E-8	2.972718E-3
1.985000E-8	1.919556E-3
1.987500E-8	5.343630E-4
1.990000E-8	2.593995E-5
1.992500E-8	5.136110E-4
1.995000E-8	1.245118E-3
1.997500E-8	1.540833E-3
2.000000E-8	1.125794E-3
2.002500E-8	2.593995E-5
2.005000E-8	-1.369629E-3
2.007500E-8	-2.334596E-3
2.010000E-8	-2.837831E-3
2.012500E-8	-3.190614E-3
2.015000E-8	-2.951966E-3
2.017500E-8	-2.121888E-3
2.020000E-8	-1.924744E-3
2.022500E-8	-2.625123E-3
2.025000E-8	-3.325502E-3
2.027500E-8	-3.787233E-3
2.030000E-8	-4.248964E-3
2.032500E-8	-4.472048E-3
2.035000E-8	-4.285280E-3
2.037500E-8	-4.191896E-3
2.040000E-8	-4.669191E-3
2.042500E-8	-5.395510E-3
2.045000E-8	-5.701601E-3
2.047500E-8	-5.494082E-3
2.050000E-8	-5.478518E-3
2.052500E-8	-6.256716E-3
2.055000E-8	-7.169802E-3
2.057500E-8	-7.252810E-3
2.060000E-8	-6.946719E-3
2.062500E-8	-6.661379E-3
2.065000E-8	-5.992129E-3
2.067500E-8	-4.783327E-3
2.070000E-8	-4.010316E-3
2.072500E-8	-4.389040E-3
2.075000E-8	-5.245058E-3
2.077500E-8	-5.556337E-3
2.080000E-8	-5.115358E-3
2.082500E-8	-4.425356E-3
2.085000E-8	-3.590089E-3
2.087500E-8	-3.019410E-3
2.090000E-8	-3.802797E-3
2.092500E-8	-5.348818E-3
2.095000E-8	-5.727541E-3
2.097500E-8	-4.710695E-3
2.100000E-8	-3.968812E-3
2.102500E-8	-4.165956E-3
2.105000E-8	-4.290468E-3
2.107500E-8	-3.616029E-3
2.110000E-8	-3.154298E-3
2.112500E-8	-3.574525E-3
2.115000E-8	-3.896181E-3
2.117500E-8	-3.610841E-3
2.120000E-8	-3.367006E-3
2.122500E-8	-3.273622E-3
2.125000E-8	-2.775575E-3
2.127500E-8	-2.012940E-3
2.130000E-8	-1.068726E-3
2.132500E-8	5.706789E-5
2.135000E-8	1.769105E-3
2.137500E-8	3.486329E-3
2.140000E-8	3.870241E-3
2.142500E-8	2.614747E-3
2.145000E-8	1.566773E-3
2.147500E-8	3.092042E-3
2.150000E-8	5.841677E-3
2.152500E-8	7.413638E-3
2.155000E-8	7.491458E-3
2.157500E-8	7.418826E-3
2.160000E-8	7.781985E-3
2.162500E-8	8.347476E-3
2.165000E-8	7.673037E-3
2.167500E-8	5.997317E-3
2.170000E-8	5.094606E-3
2.172500E-8	5.473330E-3
2.175000E-8	5.909121E-3
2.177500E-8	5.903933E-3
2.180000E-8	5.447390E-3
2.182500E-8	5.130922E-3
2.185000E-8	5.286562E-3
2.187500E-8	5.317690E-3
2.190000E-8	4.850771E-3
2.192500E-8	4.217836E-3
2.195000E-8	3.564149E-3
2.197500E-8	2.837831E-3
2.200000E-8	1.945496E-3
2.202500E-8	1.105042E-3
2.205000E-8	8.560184E-4
2.207500E-8	1.162110E-3
2.210000E-8	4.150392E-4
2.212500E-8	-1.245118E-3
2.215000E-8	-2.287904E-3
2.217500E-8	-3.045350E-3
2.220000E-8	-4.399416E-3
2.222500E-8	-5.737917E-3
2.225000E-8	-6.350100E-3
2.227500E-8	-6.879275E-3
2.230000E-8	-7.750857E-3
2.232500E-8	-8.072513E-3
2.235000E-8	-7.496646E-3
2.237500E-8	-6.941531E-3
2.240000E-8	-7.226870E-3
2.242500E-8	-7.735293E-3
2.245000E-8	-8.124393E-3
2.247500E-8	-9.063419E-3
2.250000E-8	-1.039673E-2
2.252500E-8	-1.113861E-2
2.255000E-8	-1.116455E-2
2.257500E-8	-1.097779E-2
2.260000E-8	-1.054200E-2
2.262500E-8	-1.028778E-2
2.265000E-8	-1.081177E-2
2.267500E-8	-1.157441E-2
2.270000E-8	-1.190125E-2
2.272500E-8	-1.203095E-2
2.275000E-8	-1.209321E-2
2.277500E-8	-1.187531E-2
2.280000E-8	-1.134095E-2
2.282500E-8	-1.033966E-2
2.285000E-8	-9.353946E-3
2.287500E-8	-9.353946E-3
2.290000E-8	-1.006470E-2
2.292500E-8	-1.077027E-2
2.295000E-8	-1.152253E-2
2.297500E-8	-1.221253E-2
2.300000E-8	-1.233704E-2
2.302500E-8	-1.204651E-2
2.305000E-8	-1.164704E-2
2.307500E-8	-1.103486E-2
2.310000E-8	-1.008026E-2
2.312500E-8	-8.440860E-3
2.315000E-8	-6.666567E-3
2.317500E-8	-5.862429E-3
2.320000E-8	-6.059573E-3
2.322500E-8	-6.090700E-3
2.325000E-8	-5.364382E-3
2.327500E-8	-4.684755E-3
2.330000E-8	-4.762575E-3
2.332500E-8	-4.601747E-3
2.335000E-8	-3.175050E-3
2.337500E-8	-2.095948E-3
2.340000E-8	-2.780763E-3
2.342500E-8	-2.905274E-3
2.345000E-8	-8.560184E-4
2.347500E-8	7.263186E-4
2.350000E-8	5.810549E-4
2.352500E-8	8.871463E-4
2.355000E-8	2.977906E-3
2.357500E-8	5.763857E-3
2.360000E-8	7.299502E-3
2.362500E-8	6.381228E-3
2.365000E-8	4.539491E-3
2.367500E-8	4.285280E-3
2.370000E-8	5.976565E-3
2.372500E-8	8.015445E-3
2.375000E-8	9.711918E-3
2.377500E-8	1.068207E-2
2.380000E-8	1.069245E-2
2.382500E-8	1.005951E-2
2.385000E-8	8.923343E-3
2.387500E-8	7.237246E-3
2.390000E-8	6.116640E-3
2.392500E-8	6.324160E-3
2.395000E-8	7.294314E-3
2.397500E-8	8.482364E-3
2.400000E-8	1.009583E-2
2.402500E-8	1.152771E-2
2.405000E-8	1.193757E-2
2.407500E-8	1.200501E-2
2.410000E-8	1.259644E-2
2.412500E-8	1.298554E-2
2.415000E-8	1.290772E-2
2.417500E-8	1.355622E-2
2.420000E-8	1.490510E-2
2.422500E-8	1.532532E-2
2.425000E-8	1.463013E-2
2.427500E-8	1.409577E-2
2.430000E-8	1.374299E-2
2.432500E-8	1.325531E-2
2.435000E-8	1.297516E-2
2.437500E-8	1.306855E-2
2.440000E-8	1.325013E-2
2.442500E-8	1.322937E-2
2.445000E-8	1.273133E-2
2.447500E-8	1.197388E-2
2.450000E-8	1.149659E-2
2.452500E-8	1.123719E-2
2.455000E-8	1.070282E-2
2.457500E-8	9.867557E-3
2.460000E-8	9.577030E-3
2.462500E-8	1.034485E-2
2.465000E-8	1.065094E-2
2.467500E-8	8.638004E-3
2.470000E-8	5.628969E-3
2.472500E-8	3.782045E-3
2.475000E-8	3.283998E-3
2.477500E-8	2.848207E-3
2.480000E-8	1.333313E-3
2.482500E-8	-8.975223E-4
2.485000E-8	-2.479859E-3
2.487500E-8	-3.003846E-3
2.490000E-8	-3.102418E-3
2.492500E-8	-3.143922E-3
2.495000E-8	-3.014222E-3
2.497500E-8	-3.081666E-3
2.500000E-8	-4.025880E-3
2.502500E-8	-5.265810E-3
2.505000E-8	-5.670473E-3
2.507500E-8	-5.592653E-3
2.510000E-8	-5.763857E-3
2.512500E-8	-5.800173E-3
2.515000E-8	-5.198366E-3
2.517500E-8	-4.664003E-3
2.520000E-8	-5.281374E-3
2.522500E-8	-6.474612E-3
2.525000E-8	-7.149050E-3
2.527500E-8	-7.673037E-3
2.530000E-8	-9.141239E-3
2.532500E-8	-1.053681E-2
2.535000E-8	-1.041748E-2
2.537500E-8	-9.696354E-3
2.540000E-8	-9.452518E-3
2.542500E-8	-9.639286E-3
2.545000E-8	-1.010620E-2
2.547500E-8	-1.108673E-2
2.550000E-8	-1.206727E-2
2.552500E-8	-1.221772E-2
2.555000E-8	-1.185456E-2
2.557500E-8	-1.152771E-2
2.560000E-8	-1.111786E-2
2.562500E-8	-1.088440E-2
2.565000E-8	-1.133057E-2
2.567500E-8	-1.183381E-2
2.570000E-8	-1.156922E-2
2.572500E-8	-1.083771E-2
2.575000E-8	-9.841617E-3
2.577500E-8	-8.575748E-3
2.580000E-8	-6.656191E-3
2.582500E-8	-3.927309E-3
2.585000E-8	-1.763917E-3
2.587500E-8	-1.592713E-3
2.590000E-8	-3.055726E-3
2.592500E-8	-4.996035E-3
2.595000E-8	-5.836489E-3
2.597500E-8	-5.296938E-3
2.600000E-8	-5.094606E-3
2.602500E-8	-5.706789E-3
2.605000E-8	-4.778139E-3
2.607500E-8	-2.236024E-3
2.610000E-8	-1.265870E-3
2.612500E-8	-2.568055E-3
2.615000E-8	-3.351442E-3
2.617500E-8	-3.029786E-3
2.620000E-8	-2.438355E-3
2.622500E-8	-1.981812E-3
2.625000E-8	-1.224366E-3
2.627500E-8	5.706789E-5
2.630000E-8	1.416321E-3
2.632500E-8	1.857300E-3
2.635000E-8	1.582337E-3
2.637500E-8	1.909180E-3
2.640000E-8	3.045350E-3
2.642500E-8	3.932497E-3
2.645000E-8	4.005128E-3
2.647500E-8	3.714601E-3
2.650000E-8	3.782045E-3
2.652500E-8	4.508363E-3
2.655000E-8	5.520022E-3
2.657500E-8	6.277468E-3
2.660000E-8	6.739199E-3
2.662500E-8	6.832583E-3
2.665000E-8	6.298220E-3
2.667500E-8	6.360476E-3
2.670000E-8	7.875369E-3
2.672500E-8	9.032291E-3
2.675000E-8	8.305972E-3
2.677500E-8	7.491458E-3
2.680000E-8	8.368228E-3
2.682500E-8	9.763797E-3
2.685000E-8	9.914249E-3
2.687500E-8	9.421390E-3
2.690000E-8	9.364322E-3
2.692500E-8	9.317630E-3
2.695000E-8	8.772891E-3
2.697500E-8	8.311160E-3
2.700000E-8	9.011539E-3
2.702500E-8	1.009583E-2
2.705000E-8	8.819583E-3
2.707500E-8	6.267092E-3
2.710000E-8	5.053102E-3
2.712500E-8	4.871523E-3
2.715000E-8	4.513551E-3
2.717500E-8	4.477236E-3
2.720000E-8	5.359194E-3
2.722500E-8	6.318972E-3
2.725000E-8	5.976565E-3
2.727500E-8	4.778139E-3
2.730000E-8	3.958436E-3
2.732500E-8	3.450013E-3
2.735000E-8	2.868959E-3
2.737500E-8	2.599183E-3
2.740000E-8	3.164674E-3
2.742500E-8	3.724977E-3
2.745000E-8	2.531739E-3
2.747500E-8	1.660157E-4
2.750000E-8	-2.132264E-3
2.752500E-8	-3.398134E-3
2.755000E-8	-3.169862E-3
2.757500E-8	-2.308656E-3
2.760000E-8	-2.293092E-3
2.762500E-8	-3.367006E-3
2.765000E-8	-4.129640E-3
2.767500E-8	-4.165956E-3
2.770000E-8	-4.580995E-3
2.772500E-8	-5.354006E-3
2.775000E-8	-4.835207E-3
2.777500E-8	-3.278810E-3
2.780000E-8	-2.801515E-3
2.782500E-8	-3.906557E-3
2.785000E-8	-5.348818E-3
2.787500E-8	-6.723635E-3
2.790000E-8	-8.269656E-3
2.792500E-8	-9.763797E-3
2.795000E-8	-1.071839E-2
2.797500E-8	-1.125275E-2
2.800000E-8	-1.214508E-2
2.802500E-8	-1.321900E-2
2.805000E-8	-1.277283E-2
2.807500E-8	-1.128388E-2
2.810000E-8	-1.044342E-2
2.812500E-8	-1.028260E-2
2.815000E-8	-1.032929E-2
2.817500E-8	-1.102967E-2
2.820000E-8	-1.250824E-2
2.822500E-8	-1.210877E-2
2.825000E-8	-9.997257E-3
2.827500E-8	-8.544620E-3
2.830000E-8	-8.368228E-3
2.832500E-8	-8.051761E-3
2.835000E-8	-7.107547E-3
2.837500E-8	-6.132204E-3
2.840000E-8	-5.701601E-3
2.842500E-8	-5.852053E-3
2.845000E-8	-6.147768E-3
2.847500E-8	-6.308596E-3
2.850000E-8	-6.241152E-3
2.852500E-8	-6.106264E-3
2.855000E-8	-6.152956E-3
2.857500E-8	-6.433108E-3
2.860000E-8	-5.981753E-3
2.862500E-8	-4.643251E-3
2.865000E-8	-3.564149E-3
2.867500E-8	-3.512269E-3
2.870000E-8	-3.641969E-3
2.872500E-8	-3.299562E-3
2.875000E-8	-2.848207E-3
2.877500E-8	-2.661439E-3
2.880000E-8	-2.251588E-3
2.882500E-8	-1.250306E-3
2.885000E-8	-1.608277E-4
2.887500E-8	1.239930E-3
2.890000E-8	2.588807E-3
2.892500E-8	2.874147E-3
2.895000E-8	3.003846E-3
2.897500E-8	4.466860E-3
2.900000E-8	5.545961E-3
2.902500E-8	4.840395E-3
2.905000E-8	4.046632E-3
2.907500E-8	4.212648E-3
2.910000E-8	4.632875E-3
2.912500E-8	4.793703E-3
2.915000E-8	5.094606E-3
2.917500E-8	5.343630E-3
2.920000E-8	5.359194E-3
2.922500E-8	5.187990E-3
2.925000E-8	5.302126E-3
2.927500E-8	5.909121E-3
2.930000E-8	6.567996E-3
2.932500E-8	7.195742E-3
2.935000E-8	8.098453E-3
2.937500E-8	8.887027E-3
2.940000E-8	9.187931E-3
2.942500E-8	9.701542E-3
2.945000E-8	1.095704E-2
2.947500E-8	1.166260E-2
2.950000E-8	1.103486E-2
2.952500E-8	9.914249E-3
2.955000E-8	8.923343E-3
2.957500E-8	9.032291E-3
2.960000E-8	1.051087E-2
2.962500E-8	1.232666E-2
2.965000E-8	1.275727E-2
2.967500E-8	1.157959E-2
2.970000E-8	1.031372E-2
2.972500E-8	9.685978E-3
2.975000E-8	8.845523E-3
2.977500E-8	8.108829E-3
2.980000E-8	8.612064E-3
2.982500E-8	9.229434E-3
2.985000E-8	8.508304E-3
2.987500E-8	7.595218E-3
2.990000E-8	8.077701E-3
2.992500E-8	8.907779E-3
2.995000E-8	8.876651E-3
2.997500E-8	8.461612E-3
3.000000E-8	7.942813E-3
3.002500E-8	6.121828E-3
3.005000E-8	3.974000E-3
3.007500E-8	3.683473E-3
3.010000E-8	4.881899E-3
3.012500E-8	5.961001E-3
3.015000E-8	6.391604E-3
3.017500E-8	6.215212E-3
3.020000E-8	5.737917E-3
3.022500E-8	5.732729E-3
3.025000E-8	5.919497E-3
3.027500E-8	5.654909E-3
3.030000E-8	5.042726E-3
3.032500E-8	4.689943E-3
3.035000E-8	4.575807E-3
3.037500E-8	4.316408E-3
3.040000E-8	3.683473E-3
3.042500E-8	2.552491E-3
3.045000E-8	1.380005E-3
3.047500E-8	1.084290E-3
3.050000E-8	1.494141E-3
3.052500E-8	1.608277E-3
3.055000E-8	1.312562E-3
3.057500E-8	1.271058E-3
3.060000E-8	1.514893E-3
3.062500E-8	1.603089E-3
3.065000E-8	1.597901E-3
3.067500E-8	1.509705E-3
3.070000E-8	9.960941E-4
3.072500E-8	0.000000E+0
3.075000E-8	-8.300784E-5
3.077500E-8	8.612064E-4
3.080000E-8	1.405945E-3
3.082500E-8	9.130863E-4
3.085000E-8	1.556397E-4
3.087500E-8	-4.306032E-4
3.090000E-8	-4.617311E-4
3.092500E-8	1.296998E-4
3.095000E-8	6.018069E-4
3.097500E-8	3.942873E-4
3.100000E-8	1.452637E-4
3.102500E-8	2.853395E-4
3.105000E-8	5.239870E-4
3.107500E-8	5.084230E-4
3.110000E-8	1.608277E-4
3.112500E-8	-3.164674E-4
3.115000E-8	-5.343630E-4
3.117500E-8	-4.409792E-4
3.120000E-8	-4.721071E-4
3.122500E-8	-7.418826E-4
3.125000E-8	-4.824831E-4
3.127500E-8	4.254152E-4
3.130000E-8	1.151734E-3
3.132500E-8	1.800233E-3
3.135000E-8	3.221742E-3
3.137500E-8	3.709413E-3
3.140000E-8	2.225648E-3
3.142500E-8	8.871463E-4
3.145000E-8	1.239930E-3
3.147500E-8	1.758729E-3
3.150000E-8	2.070008E-3
3.152500E-8	2.832643E-3
3.155000E-8	3.896181E-3
3.157500E-8	4.425356E-3
3.160000E-8	4.451296E-3
3.162500E-8	4.378664E-3
3.165000E-8	3.942873E-3
3.167500E-8	3.060914E-3
3.170000E-8	2.365724E-3
3.172500E-8	2.256776E-3
3.175000E-8	3.200990E-3
3.177500E-8	5.229494E-3
3.180000E-8	6.977847E-3
3.182500E-8	6.894839E-3
3.185000E-8	6.106264E-3
3.187500E-8	6.246340E-3
3.190000E-8	7.470706E-3
3.192500E-8	8.513492E-3
3.195000E-8	8.326724E-3
3.197500E-8	7.366946E-3
3.200000E-8	6.360476E-3
3.202500E-8	5.520022E-3
3.205000E-8	5.063478E-3
3.207500E-8	4.959719E-3
3.210000E-8	4.835207E-3
3.212500E-8	4.715883E-3
3.215000E-8	4.809267E-3
3.217500E-8	4.928591E-3
3.220000E-8	4.679567E-3
3.222500E-8	4.440920E-3
3.225000E-8	4.990847E-3
3.227500E-8	5.862429E-3
3.230000E-8	6.106264E-3
3.232500E-8	5.872805E-3
3.235000E-8	5.686037E-3
3.237500E-8	5.545961E-3
3.240000E-8	5.452578E-3
3.242500E-8	5.587465E-3
3.245000E-8	5.639345E-3
3.247500E-8	5.452578E-3
3.250000E-8	5.255434E-3
3.252500E-8	5.187990E-3
3.255000E-8	4.497987E-3
3.257500E-8	3.408510E-3
3.260000E-8	2.993470E-3
3.262500E-8	3.232118E-3
3.265000E-8	3.164674E-3
3.267500E-8	2.635499E-3
3.270000E-8	2.033692E-3
3.272500E-8	1.457825E-3
3.275000E-8	9.338382E-4
3.277500E-8	6.900027E-4
3.280000E-8	5.706789E-4
3.282500E-8	4.980471E-4
3.285000E-8	3.009034E-4
3.287500E-8	1.348877E-4
3.290000E-8	6.640627E-4
3.292500E-8	1.815797E-3
3.295000E-8	1.929932E-3
3.297500E-8	7.781985E-4
3.300000E-8	-4.772951E-4
3.302500E-8	-1.141358E-3
3.305000E-8	-1.639405E-3
3.307500E-8	-2.811891E-3
3.310000E-8	-5.079042E-3
3.312500E-8	-7.045291E-3
3.315000E-8	-5.971377E-3
3.317500E-8	-3.185426E-3
3.320000E-8	-2.293092E-3
3.322500E-8	-3.034974E-3
3.325000E-8	-2.666627E-3
3.327500E-8	-1.660157E-3
3.330000E-8	-2.708131E-3
3.332500E-8	-5.219118E-3
3.335000E-8	-6.516116E-3
3.337500E-8	-5.800173E-3
3.340000E-8	-4.980471E-3
3.342500E-8	-4.824831E-3
3.345000E-8	-5.374758E-3
3.347500E-8	-6.184084E-3
3.350000E-8	-7.289126E-3
3.352500E-8	-6.723635E-3
3.355000E-8	-3.979188E-3
3.357500E-8	-1.405945E-3
3.360000E-8	-1.686097E-3
3.362500E-8	-3.325502E-3
3.365000E-8	-3.839113E-3
3.367500E-8	-2.988282E-3
3.370000E-8	-2.381287E-3
3.372500E-8	-2.739259E-3
3.375000E-8	-3.169862E-3
3.377500E-8	-3.538209E-3
3.380000E-8	-3.963624E-3
3.382500E-8	-4.254152E-3
3.385000E-8	-4.041444E-3
3.387500E-8	-3.486329E-3
3.390000E-8	-3.200990E-3
3.392500E-8	-3.320314E-3
3.395000E-8	-3.159486E-3
3.397500E-8	-2.531739E-3
3.400000E-8	-2.536927E-3
3.402500E-8	-3.252870E-3
3.405000E-8	-3.112794E-3
3.407500E-8	-2.127076E-3
3.410000E-8	-1.520081E-3
3.412500E-8	-1.245118E-3
3.415000E-8	-1.016846E-3
3.417500E-8	-9.234622E-4
3.420000E-8	-9.286502E-4
3.422500E-8	-9.805301E-4
3.425000E-8	-8.975223E-4
3.427500E-8	-2.386475E-4
3.430000E-8	7.574466E-4
3.432500E-8	1.354065E-3
3.435000E-8	1.421509E-3
3.437500E-8	1.587525E-3
3.440000E-8	2.640687E-3
3.442500E-8	4.191896E-3
3.445000E-8	5.042726E-3
3.447500E-8	4.705507E-3
3.450000E-8	3.631593E-3
3.452500E-8	2.386475E-3
3.455000E-8	2.178956E-3
3.457500E-8	3.341066E-3
3.460000E-8	4.788515E-3
3.462500E-8	4.990847E-3
3.465000E-8	3.621217E-3
3.467500E-8	1.639405E-3
3.470000E-8	3.683473E-4
3.472500E-8	2.334596E-4
3.475000E-8	5.810549E-4
3.477500E-8	1.037598E-3
3.480000E-8	1.509705E-3
3.482500E-8	1.924744E-3
3.485000E-8	2.158204E-3
3.487500E-8	2.189332E-3
3.490000E-8	2.111512E-3
3.492500E-8	1.903992E-3
3.495000E-8	1.649781E-3
3.497500E-8	1.494141E-3
3.500000E-8	1.302186E-3
3.502500E-8	2.957154E-4
3.505000E-8	-4.876711E-4
3.507500E-8	2.386475E-4
3.510000E-8	1.151734E-3
3.512500E-8	1.919556E-4
3.515000E-8	-1.535645E-3
3.517500E-8	-2.075196E-3
3.520000E-8	-1.774293E-3
3.522500E-8	-1.660157E-3
3.525000E-8	-1.514893E-3
3.527500E-8	-1.488953E-3
3.530000E-8	-2.132264E-3
3.532500E-8	-2.957154E-3
3.535000E-8	-3.133546E-3
3.537500E-8	-3.351442E-3
3.540000E-8	-4.835207E-3
3.542500E-8	-5.758669E-3
3.545000E-8	-4.238588E-3
3.547500E-8	-1.753541E-3
3.550000E-8	-4.824831E-4
3.552500E-8	-1.053162E-3
3.555000E-8	-1.810609E-3
3.557500E-8	-2.121888E-3
3.560000E-8	-2.417603E-3
3.562500E-8	-3.050538E-3
3.565000E-8	-2.889711E-3
3.567500E-8	-1.888428E-3
3.570000E-8	-1.333313E-3
3.572500E-8	-9.805301E-4
3.575000E-8	2.075196E-5
3.577500E-8	4.306032E-4
3.580000E-8	-5.551149E-4
3.582500E-8	-1.665345E-3
3.585000E-8	-2.007752E-3
3.587500E-8	-1.945496E-3
3.590000E-8	-1.893616E-3
3.592500E-8	-1.743165E-3
3.595000E-8	-1.177674E-3
3.597500E-8	-4.098512E-4
3.600000E-8	-1.037598E-4
3.602500E-8	-3.164674E-4
3.605000E-8	-7.263186E-4
3.607500E-8	-1.239930E-3
3.610000E-8	-1.660157E-3
3.612500E-8	-1.608277E-3
3.615000E-8	-1.348877E-3
3.617500E-8	-1.836549E-3
3.620000E-8	-2.868959E-3
3.622500E-8	-3.289186E-3
3.625000E-8	-2.811891E-3
3.627500E-8	-2.178956E-3
3.630000E-8	-1.639405E-3
3.632500E-8	-1.213990E-3
3.635000E-8	-1.053162E-3
3.637500E-8	-1.006470E-3
3.640000E-8	-9.338382E-4
3.642500E-8	-8.715823E-4
3.645000E-8	-7.885745E-4
3.647500E-8	-6.121828E-4
3.650000E-8	-1.556397E-4
3.652500E-8	6.225588E-4
3.655000E-8	1.364441E-3
3.657500E-8	1.955872E-3
3.660000E-8	3.060914E-3
3.662500E-8	2.926026E-3
3.665000E-8	6.848147E-4
3.667500E-8	-1.566773E-3
3.670000E-8	-2.059632E-3
3.672500E-8	-1.903992E-3
3.675000E-8	-1.255494E-3
3.677500E-8	1.172486E-3
3.680000E-8	4.228212E-3
3.682500E-8	5.592653E-3
3.685000E-8	5.307314E-3
3.687500E-8	4.378664E-3
3.690000E-8	2.604371E-3
3.692500E-8	6.744387E-4
3.695000E-8	1.037598E-4
3.697500E-8	5.810549E-4
3.700000E-8	7.263186E-4
3.702500E-8	8.508304E-4
3.705000E-8	1.213990E-3
3.707500E-8	1.411133E-3
3.710000E-8	1.182862E-3
3.712500E-8	8.663944E-4
3.715000E-8	7.678225E-4
3.717500E-8	6.796267E-4
3.720000E-8	1.089478E-4
3.722500E-8	-2.593995E-4
3.725000E-8	4.876711E-4
3.727500E-8	1.784669E-3
3.730000E-8	2.552491E-3
3.732500E-8	2.474671E-3
3.735000E-8	2.147828E-3
3.737500E-8	2.018128E-3
3.740000E-8	2.158204E-3
3.742500E-8	2.251588E-3
3.745000E-8	2.256776E-3
3.747500E-8	2.339784E-3
3.750000E-8	2.370912E-3
3.752500E-8	2.324220E-3
3.755000E-8	2.889711E-3
3.757500E-8	3.636781E-3
3.760000E-8	3.361818E-3
3.762500E-8	2.547303E-3
3.765000E-8	2.521363E-3
3.767500E-8	3.060914E-3
3.770000E-8	2.827455E-3
3.772500E-8	1.675721E-3
3.775000E-8	1.608277E-4
3.777500E-8	-1.649781E-3
3.780000E-8	-3.455201E-3
3.782500E-8	-4.664003E-3
3.785000E-8	-4.897463E-3
3.787500E-8	-4.316408E-3
3.790000E-8	-3.283998E-3
3.792500E-8	-2.370912E-3
3.795000E-8	-2.220460E-3
3.797500E-8	-2.474671E-3
3.800000E-8	-2.210084E-3
3.802500E-8	-1.566773E-3
3.805000E-8	-1.639405E-3
3.807500E-8	-2.210084E-3
3.810000E-8	-2.324220E-3
3.812500E-8	-2.443543E-3
3.815000E-8	-3.927309E-3
3.817500E-8	-5.784609E-3
3.820000E-8	-6.941531E-3
3.822500E-8	-7.496646E-3
3.825000E-8	-7.429202E-3
3.827500E-8	-6.708071E-3
3.830000E-8	-5.981753E-3
3.832500E-8	-5.701601E-3
3.835000E-8	-5.691225E-3
3.837500E-8	-5.779421E-3
3.840000E-8	-5.966189E-3
3.842500E-8	-6.173708E-3
3.845000E-8	-6.438296E-3
3.847500E-8	-6.433108E-3
3.850000E-8	-5.846865E-3
3.852500E-8	-5.167238E-3
3.855000E-8	-5.027162E-3
3.857500E-8	-5.037538E-3
3.860000E-8	-4.513551E-3
3.862500E-8	-3.802797E-3
3.865000E-8	-3.942873E-3
3.867500E-8	-4.747011E-3
3.870000E-8	-5.369570E-3
3.872500E-8	-5.239870E-3
3.875000E-8	-4.285280E-3
3.877500E-8	-2.874147E-3
3.880000E-8	-1.774293E-3
3.882500E-8	-1.405945E-3
3.885000E-8	-1.442261E-3
3.887500E-8	-1.561585E-3
3.890000E-8	-1.727601E-3
3.892500E-8	-1.950684E-3
3.895000E-8	-2.308656E-3
3.897500E-8	-2.708131E-3
3.900000E-8	-2.983094E-3
3.902500E-8	-3.112794E-3
3.905000E-8	-3.190614E-3
3.907500E-8	-3.263246E-3
3.910000E-8	-2.926026E-3
3.912500E-8	-1.862488E-3
3.915000E-8	-6.536868E-4
3.917500E-8	-2.438355E-4
3.920000E-8	-4.461672E-4
3.922500E-8	-6.173708E-4
3.925000E-8	-7.470706E-4
3.927500E-8	-9.649662E-4
3.930000E-8	-1.255494E-3
3.932500E-8	-1.374817E-3
3.935000E-8	-8.663944E-4
3.937500E-8	8.300784E-5
3.940000E-8	7.211306E-4
3.942500E-8	1.053162E-3
3.945000E-8	1.390381E-3
3.947500E-8	1.686097E-3
3.950000E-8	1.514893E-3
3.952500E-8	6.744387E-4
3.955000E-8	-7.366946E-4
3.957500E-8	-1.836549E-3
3.960000E-8	-1.852112E-3
3.962500E-8	-1.245118E-3
3.965000E-8	-4.617311E-4
3.967500E-8	1.815797E-4
3.970000E-8	3.527833E-4
3.972500E-8	1.763917E-4
3.975000E-8	2.593995E-5
3.977500E-8	-6.225588E-5
3.980000E-8	-1.556397E-5
3.982500E-8	2.957154E-4
3.985000E-8	1.058350E-3
3.987500E-8	1.291810E-3
3.990000E-8	4.772951E-4
3.992500E-8	-3.735353E-4
3.995000E-8	-4.565431E-4
3.997500E-8	-1.556397E-4
4.000000E-8	2.075196E-4
4.002500E-8	5.654909E-4
4.005000E-8	1.182862E-3
4.007500E-8	1.940308E-3
4.010000E-8	1.302186E-3
4.012500E-8	-3.890993E-4
4.015000E-8	-9.286502E-4
4.017500E-8	-4.409792E-4
4.020000E-8	-8.248904E-4
4.022500E-8	-1.307374E-3
4.025000E-8	-5.187990E-4
4.027500E-8	6.640627E-4
4.030000E-8	1.130982E-3
4.032500E-8	1.156922E-3
4.035000E-8	1.042786E-3
4.037500E-8	6.484988E-4
4.040000E-8	2.593995E-5
4.042500E-8	-7.263186E-4
4.045000E-8	-1.810609E-3
4.047500E-8	-3.278810E-3
4.050000E-8	-4.430544E-3
4.052500E-8	-4.741823E-3
4.055000E-8	-4.513551E-3
4.057500E-8	-4.191896E-3
4.060000E-8	-3.963624E-3
4.062500E-8	-3.761293E-3
4.065000E-8	-3.294374E-3
4.067500E-8	-2.822267E-3
4.070000E-8	-2.998658E-3
4.072500E-8	-3.621217E-3
4.075000E-8	-3.507081E-3
4.077500E-8	-2.682191E-3
4.080000E-8	-2.153016E-3
4.082500E-8	-2.163392E-3
4.085000E-8	-2.070008E-3
4.087500E-8	-1.639405E-3
4.090000E-8	-1.618653E-3
4.092500E-8	-2.801515E-3
4.095000E-8	-4.866335E-3
4.097500E-8	-6.412356E-3
4.100000E-8	-4.949343E-3
4.102500E-8	-1.945496E-3
4.105000E-8	-5.136110E-4
4.107500E-8	-1.322937E-3
4.110000E-8	-2.640687E-3
4.112500E-8	-3.797609E-3
4.115000E-8	-3.185426E-3
4.117500E-8	-9.909061E-4
4.120000E-8	-5.291750E-4
4.122500E-8	-2.993470E-3
4.125000E-8	-5.136110E-3
4.127500E-8	-4.695131E-3
4.130000E-8	-3.922121E-3
4.132500E-8	-4.005128E-3
4.135000E-8	-4.108888E-3
4.137500E-8	-3.730165E-3
4.140000E-8	-3.626405E-3
4.142500E-8	-3.600465E-3
4.145000E-8	-2.739259E-3
4.147500E-8	-1.509705E-3
4.150000E-8	-1.255494E-3
4.152500E-8	-1.909180E-3
4.155000E-8	-2.578431E-3
4.157500E-8	-2.967530E-3
4.160000E-8	-2.661439E-3
4.162500E-8	-1.779481E-3
4.165000E-8	-1.348877E-3
4.167500E-8	-1.431885E-3
4.170000E-8	-1.239930E-3
4.172500E-8	-9.442142E-4
4.175000E-8	-8.248904E-4
4.177500E-8	-4.721071E-4
4.180000E-8	-9.857181E-5
4.182500E-8	1.971436E-4
4.185000E-8	7.678225E-4
4.187500E-8	1.213990E-3
4.190000E-8	8.404544E-4
4.192500E-8	2.542115E-4
4.195000E-8	5.187990E-4
4.197500E-8	1.084290E-3
4.200000E-8	6.900027E-4
4.202500E-8	-1.867676E-4
4.205000E-8	-2.023316E-4
4.207500E-8	4.306032E-4
4.210000E-8	4.254152E-4
4.212500E-8	-2.282716E-4
4.215000E-8	-4.617311E-4
4.217500E-8	-8.819583E-5
4.220000E-8	3.839113E-4
4.222500E-8	1.125794E-3
4.225000E-8	1.644593E-3
4.227500E-8	1.125794E-3
4.230000E-8	1.763917E-4
4.232500E-8	4.669191E-5
4.235000E-8	3.475953E-4
4.237500E-8	2.801515E-4
4.240000E-8	1.712037E-4
4.242500E-8	2.853395E-4
4.245000E-8	2.230836E-4
4.247500E-8	-1.089478E-4
4.250000E-8	-6.951907E-4
4.252500E-8	-1.058350E-3
4.255000E-8	-7.781985E-5
4.257500E-8	2.059632E-3
4.260000E-8	3.481141E-3
4.262500E-8	2.713319E-3
4.265000E-8	1.546021E-3
4.267500E-8	1.291810E-3
4.270000E-8	1.405945E-3
4.272500E-8	1.001282E-3
4.275000E-8	6.381228E-4
4.277500E-8	8.197024E-4
4.280000E-8	5.603029E-4
4.282500E-8	-5.758669E-4
4.285000E-8	-1.229554E-3
4.287500E-8	-1.084290E-3
4.290000E-8	-1.255494E-3
4.292500E-8	-1.789857E-3
4.295000E-8	-2.090760E-3
4.297500E-8	-1.857300E-3
4.300000E-8	-1.556397E-3
4.302500E-8	-2.153016E-3
4.305000E-8	-3.304750E-3
4.307500E-8	-3.937685E-3
4.310000E-8	-4.093324E-3
4.312500E-8	-4.264528E-3
4.315000E-8	-4.409792E-3
4.317500E-8	-4.446108E-3
4.320000E-8	-4.430544E-3
4.322500E-8	-4.425356E-3
4.325000E-8	-4.565431E-3
4.327500E-8	-5.037538E-3
4.330000E-8	-5.675661E-3
4.332500E-8	-5.084230E-3
4.335000E-8	-3.299562E-3
4.337500E-8	-1.914368E-3
4.340000E-8	-2.464295E-3
4.342500E-8	-4.124452E-3
4.345000E-8	-5.047914E-3
4.347500E-8	-5.011598E-3
4.350000E-8	-5.338442E-3
4.352500E-8	-6.625063E-3
4.355000E-8	-7.621158E-3
4.357500E-8	-6.708071E-3
4.360000E-8	-4.752199E-3
4.362500E-8	-3.667909E-3
4.365000E-8	-3.782045E-3
4.367500E-8	-4.425356E-3
4.370000E-8	-5.462954E-3
4.372500E-8	-6.277468E-3
4.375000E-8	-6.230776E-3
4.377500E-8	-5.711977E-3
4.380000E-8	-5.328066E-3
4.382500E-8	-4.840395E-3
4.385000E-8	-4.077760E-3
4.387500E-8	-3.278810E-3
4.390000E-8	-2.593995E-3
4.392500E-8	-1.800233E-3
4.395000E-8	-2.749635E-4
4.397500E-8	-5.187990E-5
4.400000E-8	-1.893616E-3
4.402500E-8	-4.394228E-3
4.405000E-8	-5.950625E-3
4.407500E-8	-5.779421E-3
4.410000E-8	-4.212648E-3
4.412500E-8	-2.485047E-3
4.415000E-8	-1.239930E-3
4.417500E-8	-4.513551E-4
4.420000E-8	-6.069948E-4
4.422500E-8	-1.208802E-3
4.425000E-8	-1.779481E-3
4.427500E-8	-2.661439E-3
4.430000E-8	-3.595277E-3
4.432500E-8	-3.616029E-3
4.435000E-8	-3.003846E-3
4.437500E-8	-2.350160E-3
4.440000E-8	-1.328125E-3
4.442500E-8	3.631593E-5
4.445000E-8	8.715823E-4
4.447500E-8	1.281434E-3
4.450000E-8	1.551209E-3
4.452500E-8	1.390381E-3
4.455000E-8	8.456424E-4
4.457500E-8	4.357912E-4
4.460000E-8	2.075196E-4
4.462500E-8	-6.484988E-4
4.465000E-8	-2.277528E-3
4.467500E-8	-2.018128E-3
4.470000E-8	-1.556397E-5
4.472500E-8	1.229554E-3
4.475000E-8	1.380005E-3
4.477500E-8	1.582337E-3
4.480000E-8	1.411133E-3
4.482500E-8	3.424074E-4
4.485000E-8	-8.352664E-4
4.487500E-8	-1.421509E-3
4.490000E-8	-1.577149E-3
4.492500E-8	-1.239930E-3
4.495000E-8	-2.593995E-5
4.497500E-8	1.670533E-3
4.500000E-8	1.265870E-3
4.502500E-8	-7.937625E-4
4.505000E-8	-1.338501E-3
4.507500E-8	2.075196E-4
4.510000E-8	8.975223E-4
4.512500E-8	-4.357912E-4
4.515000E-8	-2.298280E-3
4.517500E-8	-2.967530E-3
4.520000E-8	-2.396851E-3
4.522500E-8	-1.893616E-3
4.525000E-8	-1.520081E-3
4.527500E-8	-1.053162E-3
4.530000E-8	-1.094666E-3
4.532500E-8	-1.997376E-3
4.535000E-8	-3.014222E-3
4.537500E-8	-3.361818E-3
4.540000E-8	-3.237306E-3
4.542500E-8	-3.273622E-3
4.545000E-8	-3.501893E-3
4.547500E-8	-3.335878E-3
4.550000E-8	-2.682191E-3
4.552500E-8	-2.095948E-3
4.555000E-8	-1.826173E-3
4.557500E-8	-1.831361E-3
4.560000E-8	-1.914368E-3
4.562500E-8	-1.950684E-3
4.565000E-8	-2.661439E-3
4.567500E-8	-4.347536E-3
4.570000E-8	-5.198366E-3
4.572500E-8	-4.119264E-3
4.575000E-8	-2.697755E-3
4.577500E-8	-2.485047E-3
4.580000E-8	-2.785951E-3
4.582500E-8	-2.334596E-3
4.585000E-8	-1.774293E-3
4.587500E-8	-1.903992E-3
4.590000E-8	-2.308656E-3
4.592500E-8	-3.045350E-3
4.595000E-8	-3.289186E-3
4.597500E-8	-2.469483E-3
4.600000E-8	-2.350160E-3
4.602500E-8	-3.590089E-3
4.605000E-8	-4.010316E-3
4.607500E-8	-3.299562E-3
4.610000E-8	-3.771669E-3
4.612500E-8	-5.701601E-3
4.615000E-8	-5.711977E-3
4.617500E-8	-3.263246E-3
4.620000E-8	-1.468201E-3
4.622500E-8	-1.447449E-3
4.625000E-8	-9.753421E-4
4.627500E-8	3.009034E-4
4.630000E-8	1.022034E-3
4.632500E-8	1.141358E-3
4.635000E-8	1.473389E-3
4.637500E-8	9.753421E-4
4.640000E-8	-1.125794E-3
4.642500E-8	-2.775575E-3
4.645000E-8	-2.303468E-3
4.647500E-8	-9.805301E-4
4.650000E-8	-1.037598E-5
4.652500E-8	4.046632E-4
4.655000E-8	6.329348E-4
4.657500E-8	3.112794E-4
4.660000E-8	-1.193238E-3
4.662500E-8	-3.143922E-3
4.665000E-8	-2.998658E-3
4.667500E-8	-9.390262E-4
4.670000E-8	8.663944E-4
4.672500E-8	1.556397E-3
4.675000E-8	1.712037E-3
4.677500E-8	1.623841E-3
4.680000E-8	1.343689E-3
4.682500E-8	1.411133E-3
4.685000E-8	2.272340E-3
4.687500E-8	3.616029E-3
4.690000E-8	4.020692E-3
4.692500E-8	2.941590E-3
4.695000E-8	1.670533E-3
4.697500E-8	1.691285E-3
4.700000E-8	2.588807E-3
4.702500E-8	2.972718E-3
4.705000E-8	2.365724E-3
4.707500E-8	1.634217E-3
4.710000E-8	9.857181E-4
4.712500E-8	-1.556397E-4
4.715000E-8	-6.277468E-4
4.717500E-8	3.216554E-4
4.720000E-8	8.560184E-4
4.722500E-8	2.905274E-4
4.725000E-8	2.593995E-5
4.727500E-8	-1.141358E-4
4.730000E-8	-5.136110E-4
4.732500E-8	-5.706789E-4
4.735000E-8	-1.867676E-4
4.737500E-8	3.216554E-4
4.740000E-8	1.188050E-3
4.742500E-8	2.671815E-3
4.745000E-8	3.885805E-3
4.747500E-8	4.134828E-3
4.750000E-8	3.709413E-3
4.752500E-8	3.029786E-3
4.755000E-8	2.593995E-3
4.757500E-8	2.687379E-3
4.760000E-8	2.931214E-3
4.762500E-8	3.066102E-3
4.765000E-8	3.206178E-3
4.767500E-8	3.221742E-3
4.770000E-8	2.951966E-3
4.772500E-8	2.651063E-3
4.775000E-8	2.516175E-3
4.777500E-8	2.557679E-3
4.780000E-8	3.024598E-3
4.782500E-8	3.320314E-3
4.785000E-8	2.542115E-3
4.787500E-8	1.369629E-3
4.790000E-8	9.909061E-4
4.792500E-8	1.053162E-3
4.795000E-8	6.588747E-4
4.797500E-8	1.867676E-4
4.800000E-8	6.069948E-4
4.802500E-8	1.592713E-3
4.805000E-8	2.075196E-3
4.807500E-8	1.514893E-3
4.810000E-8	3.060914E-4
4.812500E-8	-7.366946E-4
4.815000E-8	-1.141358E-3
4.817500E-8	-1.229554E-3
4.820000E-8	-1.317749E-3
4.822500E-8	-1.281434E-3
4.825000E-8	-1.094666E-3
4.827500E-8	-8.300784E-4
4.830000E-8	-5.136110E-4
4.832500E-8	-1.089478E-4
4.835000E-8	3.942873E-4
4.837500E-8	9.545902E-4
4.840000E-8	1.566773E-3
4.842500E-8	1.421509E-3
4.845000E-8	4.254152E-4
4.847500E-8	-7.003787E-4
4.850000E-8	-1.348877E-3
4.852500E-8	-1.561585E-3
4.855000E-8	-1.125794E-3
4.857500E-8	1.556397E-4
4.860000E-8	1.608277E-3
4.862500E-8	2.308656E-3
4.865000E-8	2.168580E-3
4.867500E-8	1.857300E-3
4.870000E-8	1.878052E-3
4.872500E-8	2.158204E-3
4.875000E-8	2.230836E-3
4.877500E-8	1.929932E-3
4.880000E-8	1.177674E-3
4.882500E-8	9.701542E-4
4.885000E-8	2.230836E-3
4.887500E-8	4.186708E-3
4.890000E-8	4.897463E-3
4.892500E-8	3.932497E-3
4.895000E-8	2.946778E-3
4.897500E-8	2.510987E-3
4.900000E-8	2.282716E-3
4.902500E-8	2.199708E-3
4.905000E-8	2.153016E-3
4.907500E-8	1.680909E-3
4.910000E-8	7.522586E-4
4.912500E-8	5.187990E-5
4.915000E-8	4.772951E-4
4.917500E-8	1.525269E-3
4.920000E-8	1.867676E-3
4.922500E-8	1.198426E-3
4.925000E-8	4.306032E-4
4.927500E-8	4.306032E-4
4.930000E-8	1.141358E-3
4.932500E-8	1.654969E-3
4.935000E-8	1.504517E-3
4.937500E-8	1.286622E-3
4.940000E-8	1.354065E-3
4.942500E-8	1.691285E-3
4.945000E-8	2.033692E-3
4.947500E-8	2.153016E-3
4.950000E-8	2.173768E-3
4.952500E-8	2.142640E-3
4.955000E-8	1.929932E-3
4.957500E-8	1.706849E-3
4.960000E-8	1.670533E-3
4.962500E-8	1.701661E-3
4.965000E-8	1.743165E-3
4.967500E-8	1.878052E-3
4.970000E-8	1.992188E-3
4.972500E-8	1.971436E-3
4.975000E-8	2.298280E-3
4.977500E-8	2.817079E-3
4.980000E-8	2.308656E-3
4.982500E-8	1.151734E-3
4.985000E-8	1.442261E-3
4.987500E-8	2.785951E-3
4.990000E-8	3.273622E-3
4.992500E-8	2.765199E-3
4.995000E-8	2.666627E-3
4.997500E-8	2.920838E-3
5.000000E-8	2.868959E-3
5.002500E-8	2.536927E-3
